//----------------------------------------------------------------------------------------------------------------------------------------------------------------------------------------------------------------------------------------------------------------------------------------------------------------//
//     Index             Name                                  Weight  MinLvl	Lvl0	Zen0	Lvl1	Zen1	Lvl2	Zen2	Lvl3	Zen3	Lvl4	Zen4	Lvl5	Zen5	Lvl6	Zen6	Lvl7	Zen7	Lvl8	Zen8	Lvl9	Zen9	Lvl10	Zen10	Lvl11	Zen11	Lvl12	Zen12	Lvl13	Zen13     //
//----------------------------------------------------------------------------------------------------------------------------------------------------------------------------------------------------------------------------------------------------------------------------------------------------------------//
1
	1	"Increases Minimum Damage"			20	0	1	50000000	2	50000000	3	50000000	4	50000000	5	50000000	6	50000000	8	50000000	10	50000000	12	50000000	14	50000000	16	50000000	18	50000000	20	50000000	22	50000000
	2	"Increases Maximum Damage"			20	0	25	50000000	45	50000000	60	50000000	80	50000000	95	50000000	115	50000000	130	50000000	150	50000000	165	50000000	185	50000000	200	50000000	220	50000000	235	50000000	255	50000000
	3	"Reduces Required Strength"			80	0	25	50000000	45	50000000	60	50000000	80	50000000	95	50000000	115	50000000	130	50000000	150	50000000	165	50000000	185	50000000	200	50000000	220	50000000	235	50000000	255	50000000
	4	"Reduces Required Agility"			80	0	25	50000000	45	50000000	60	50000000	80	50000000	95	50000000	115	50000000	130	50000000	150	50000000	165	50000000	185	50000000	200	50000000	220	50000000	235	50000000	255	50000000
	5	"Increases Min / Max Damage"			3	0	25	50000000	45	50000000	60	50000000	80	50000000	95	50000000	115	50000000	130	50000000	150	50000000	165	50000000	185	50000000	200	50000000	220	50000000	235	50000000	255	50000000
	6	"Increases Critical Damage"			15	0	25	50000000	45	50000000	60	50000000	80	50000000	95	50000000	115	50000000	130	50000000	150	50000000	165	50000000	185	50000000	200	50000000	220	50000000	235	50000000	255	50000000
	7	"Increases Skill Damage"	 		2	0	10	50000000	20	50000000	30	50000000	50	50000000	70	50000000	90	50000000	110	50000000	130	50000000	150	50000000	170	50000000	190	50000000	210	50000000	230	50000000	255	50000000
	8	"Increases Attack Success Rate (PvP)"		2	13	0	0	0	0	0	0	0	0	0	0	0	0	0	0	0	0	0	0	0	0	0	0	0	0	0	0	255	50000000
	9	"Increases SD Reduction"			2	0	2	50000000	4	50000000	6	50000000	8	50000000	10	50000000	12	50000000	14	50000000	16	50000000	18	50000000	20	50000000	22	50000000	24	50000000	27	50000000	30	50000000
	10	"Increases SD Ignore Rate"			1	0	1	50000000	2	50000000	4	50000000	6	50000000	9	50000000	11	50000000	14	50000000	16	50000000	19	50000000	21	50000000	24	50000000	26	50000000	29	50000000	33	50000000
end

//----------------------------------------------------------------------------------------------------------------------------------------------------------------------------------------------------------------------------------------------------------------------------------------------------------------//
//     Index             Name                                  Weight  MinLvl	Lvl0	Zen0	Lvl1	Zen1	Lvl2	Zen2	Lvl3	Zen3	Lvl4	Zen4	Lvl5	Zen5	Lvl6	Zen6	Lvl7	Zen7	Lvl8	Zen8	Lvl9	Zen9	Lvl10	Zen10	Lvl11	Zen11	Lvl12	Zen12	Lvl13	Zen13     //
//----------------------------------------------------------------------------------------------------------------------------------------------------------------------------------------------------------------------------------------------------------------------------------------------------------------//
2
	1	"Increases Wizardry"				20	0	25	50000000	45	50000000	60	50000000	80	50000000	95	50000000	115	50000000	130	50000000	150	50000000	165	50000000	185	50000000	200	50000000	220	50000000	235	50000000	255	50000000
	2	"Reduces Required Strength"			60	0	25	50000000	45	50000000	60	50000000	80	50000000	95	50000000	115	50000000	130	50000000	150	50000000	165	50000000	185	50000000	200	50000000	220	50000000	235	50000000	255	50000000
	3	"Reduces Required Agility"			60	0	25	50000000	45	50000000	60	50000000	80	50000000	95	50000000	115	50000000	130	50000000	150	50000000	165	50000000	185	50000000	200	50000000	220	50000000	235	50000000	255	50000000
	4	"Increases Skill Damage"	 		5	9	10	50000000	20	50000000	30	50000000	50	50000000	70	50000000	90	50000000	110	50000000	130	50000000	150	50000000	170	50000000	190	50000000	210	50000000	230	50000000	255	50000000
	5	"Increases Critical Damage"			15	0	25	50000000	45	50000000	60	50000000	80	50000000	95	50000000	115	50000000	130	50000000	150	50000000	165	50000000	185	50000000	200	50000000	220	50000000	235	50000000	255	50000000
	6	"Increases SD Reduction"			2	0	2	50000000	5	50000000	7	50000000	10	50000000	12	50000000	15	50000000	17	50000000	20	50000000	22	50000000	25	50000000	28	50000000	30	50000000	33	50000000	36	50000000
	7	"Increases Attack Success Rate (PvP)"		2	13	0	0	0	0	0	0	0	0	0	0	0	0	0	0	0	0	0	0	0	0	0	0	0	0	0	0	255	50000000
	8	"Increases SD Ignore Rate"			1	0	2	50000000	4	50000000	7	50000000	10	50000000	13	50000000	16	50000000	19	50000000	22	50000000	25	50000000	28	50000000	31	50000000	34	50000000	37	50000000	41	50000000
end

//----------------------------------------------------------------------------------------------------------------------------------------------------------------------------------------------------------------------------------------------------------------------------------------------------------------//
//     Index             Name                                  Weight  MinLvl	Lvl0	Zen0	Lvl1	Zen1	Lvl2	Zen2	Lvl3	Zen3	Lvl4	Zen4	Lvl5	Zen5	Lvl6	Zen6	Lvl7	Zen7	Lvl8	Zen8	Lvl9	Zen9	Lvl10	Zen10	Lvl11	Zen11	Lvl12	Zen12	Lvl13	Zen13     //
//----------------------------------------------------------------------------------------------------------------------------------------------------------------------------------------------------------------------------------------------------------------------------------------------------------------//
3
	1	"Increases Defense"				50	0	25	50000000	45	50000000	60	50000000	80	50000000	95	50000000	115	50000000	130	50000000	150	50000000	165	50000000	185	50000000	200	50000000	220	50000000	235	50000000	255	50000000
	2	"Increases Max AG"				40	0	25	50000000	45	50000000	60	50000000	80	50000000	95	50000000	115	50000000	130	50000000	150	50000000	165	50000000	185	50000000	200	50000000	220	50000000	235	50000000	255	50000000
	3	"Increases Max Health"				40	0	25	50000000	45	50000000	60	50000000	80	50000000	95	50000000	115	50000000	130	50000000	150	50000000	165	50000000	185	50000000	200	50000000	220	50000000	235	50000000	255	50000000
	4	"Increases Health Regeneration Rate"		3	0	25	50000000	45	50000000	60	50000000	80	50000000	95	50000000	115	50000000	130	50000000	150	50000000	165	50000000	185	50000000	200	50000000	220	50000000	235	50000000	255	50000000
	5	"Increases Mana Regeneration Rate"		50	0	25	50000000	45	50000000	60	50000000	80	50000000	95	50000000	115	50000000	130	50000000	150	50000000	165	50000000	185	50000000	200	50000000	220	50000000	235	50000000	255	50000000
	6	"Increases Defense Success Rate (PvP)"		5	13	0	0	0	0	0	0	0	0	0	0	0	0	0	0	0	0	0	0	0	0	0	0	0	0	0	0	255	50000000
	7	"Increases Damage Reduction"			2	0	1	50000000	2	50000000	3	50000000	4	50000000	5	50000000	6	50000000	7	50000000	8	50000000	9	50000000	10	50000000	11	50000000	12	50000000	13	50000000	15	50000000
	8	"Increases SD Ratio Rate"			1	0	0	0	0	0	0	0	0	0	1	50000000	2	50000000	3	50000000	4	50000000	5	50000000	6	50000000	7	50000000	8	50000000	9	50000000	10	50000000
end